815926811
818590829
816777136
813668375
816337928
820274225
820686593
813938734
819271605
815992321
815083364
816865627
817748916
818945630
817216483
814916201
820448798
816198239
819103559
818920435
819285197
813636337
814723787
818964132
813641604
821844714
816308717
815181107
820038471
820740296
815123124
813724097
817891295
816036382
817599749
814746401
817636436
815409069
810758400
815403483
815304878
814130833
816589145
817210332
819185717
812624095
817949474
812962632
818190033
817086192
