502574476
504958345
503824934
504084470
502769705
500991877
501329798
504115075
501050542
504139908
504121644
503140707
504456857
503035982
504526308
502390393
500196627
504087929
500424310
501710895
500278563
505509266
502979845
500742788
504455736
501800186
500433542
501289899
501711821
504153877
493166919
503820504
497690189
504900452
502028815
503247696
501497490
501594420
501882061
504111255
502109496
504787275
502668437
505714525
503877643
505855677
501857145
504392190
494506967
501267980
500950424
