516910290
517050740
518104066
516950943
518306001
518579927
517629370
516253819
518211091
540052644
519267948
516664748
540632310
516656351
517595249
516313057
515826905
516376616
700067873
540066890
515739476
517703548
517348660
517356841
517396863
518485039
540665042
700239507
540423147
517133159
516970568
518788612
516365326
515825100
540693725
517284032
540237785
519073658
517929436
540193822
516641773
700552955
516424422
518806171
513965480
519211053
518688148
515954159
509988065
519126476
