750449167
748892155
749474424
752600652
752000479
752462170
753585470
750633682
750244870
750412669
751386780
748421853
751387809
750976589
751092708
749679257
751493554
749804481
748566876
750646843
751114308
752925271
752953813
749442838
749941283
748927792
753919091
748111406
750682043
749871573
752108222
750814881
749888505
749121497
751965922
746442607
751327583
752093319
753958304
749006359
753396046
752931553
749783468
749715732
753088226
749157811
750853081
750131659
748276108
752579674
