862448865
863549788
861535623
862760743
861450672
863681473
866160061
861565887
862162537
864164080
862569113
860463974
865798073
867569703
862235581
861418733
861577037
861373338
859931305
861557719
864368650
867013059
861065595
867578814
861010319
864807743
863459450
867072986
861670395
861423005
861471179
861884736
866947513
862425469
867935586
861757012
866799761
861421389
861541897
863077285
861562425
861819137
864533360
864597971
861921205
866061325
858721910
865290226
863103332
861922146
