599994912
557600917
514889196
899864170
387446985
857527108
985014721
644870300
302582891
387473058
602413833
772413658
302612568
345067799
772416521
429914287
985072283
942380348
942562210
815014437
730007618
599796316
942422110
857545854
602361829
259885376
429967464
857487278
430069198
942517282
857383717
942356868
472585207
217479350
645089476
302401134
645068610
429979558
514768995
429938277
899943690
387426055
687414487
344984059
815117495
602356491
815038949
514780072
942500190
387438418
