893848357
593933235
211359610
893762859
678839149
593866537
211364335
723975120
381341588
636430208
508967488
808775663
681449472
338805835
936468466
381264823
808677860
678931544
423749548
636364848
593747530
808982399
551344748
296316814
978916412
808854979
893852777
211256500
338841893
381256710
381060928
766287387
466224177
508889255
936282399
678821093
893773366
593773451
381309802
593931391
636288956
296492358
978840431
678997885
636251598
423603762
636338429
766445258
593591929
808759169
338803735
