855098575
342527959
600073063
470153315
385232453
597690327
855154373
555028789
855055008
855070371
855226316
812533516
940138428
770217424
685194934
470042813
385153708
470113267
427517369
897508691
597734140
597667751
940132259
642613450
257560255
214553651
597633683
470113786
427604498
982573121
940166800
770046739
812543634
555017623
215243196
854921910
512685222
812728860
342670411
685020762
470131020
385194951
727549242
342622677
512663216
812608306
257675115
215015490
982518076
512739936
