979363524
551767561
766837391
936778438
424498954
466900244
594326473
679356023
381872653
594494651
381915797
809307437
936911193
636786160
679342797
594341680
381826890
594370260
724474890
339404266
766806550
509260910
509347688
936796800
679350949
979381295
424378221
211996987
509412093
339273171
381757496
636987851
851829964
936800846
254481334
681856883
339431380
254377548
509277744
551948596
254330569
766945152
636806972
724494305
979204662
466991344
809415827
936799404
766611308
339466125
