304089779
219187134
431531205
561563952
559021761
474179587
816678373
731542289
559059662
944198618
516583091
986555749
346738118
346840130
816597148
646568860
431624857
346620254
304071610
304071679
474219455
561775129
304103603
261741694
901567670
689248994
559231284
689289351
986547603
604014481
219093499
346593899
431634750
559073430
561695014
346553959
561788106
261520159
689103332
774105353
389034812
646598404
646672714
431735436
346584576
219190179
901405125
304223268
859116554
731502391
